    0.1010
    0.1030
    0.1000
    0.0970
    0.0980
    0.1020
    0.1040
    0.1060
    0.1070
    0.1020
    0.1070
    0.1080
    0.1050
    0.1110
    0.1100
    0.1100
    0.1140
    0.1150
    0.1110
    0.1150
    0.1400
    0.1340
    0.1110
    0.1190
    0.1220
    0.1230
    0.1230
    0.1250
    0.1280
    0.1250
    0.1270
    0.1230
    0.1280
    0.1350
    0.1300
    0.1290
    0.1310
    0.1330
    0.1350
    0.1300
    0.1320
    0.1330
    0.1350
    0.1330
    0.1360
    0.1370
    0.1350
    0.1350
    0.1390
    0.1370

