0.195741177
0.051886797
0.050686121
0.051965952
0.050137997
0.050832033
0.051864147
0.050817728
0.050191164
0.051592350
0.051146984
0.050488949
0.056098938
0.053056002
0.052169800
0.053525925
0.050919056
0.051377058
0.050055027
0.054071903
0.052000999
0.059675932
0.056834936
0.051316023
0.052371979
0.053632021
0.051882267
0.077349901
0.082838058
0.153734922
0.061634779
0.055604935
0.054918766
0.056442261
0.061196089
0.071341038
0.061118841
0.055984974
0.055699348
0.059483051
0.062912226
0.057180882
0.058225155
0.056404829
0.060102940
0.063452959
0.056727886
0.060249090
0.056618929
0.055481195
0.056844950
0.055185080
0.054767847
0.055485964
0.056022167
0.057584763
0.055330038
0.057609081
0.057104826
0.056872129
0.054858923
0.055011749
0.058253765
0.056453228
0.057374954
0.056247950
0.054731607
0.057908058
0.056023121
0.055701971
0.059363842
0.055991888
0.056333065
0.057960033
0.057175875
0.056308031
0.062447071
0.055012941
0.057157040
0.058898926
0.056803703
0.056803226
0.056080818
0.055861950
0.053845882
0.056546211
0.055172205
0.056549072
0.058401108
0.057727098
0.057460308
0.054844141
0.057027817
0.056357145
0.056439877
0.059731245
0.058105946
0.054630041
0.056609154
0.058951139
0.089493990
0.050869942
0.064516306
0.050481796
0.051030874
0.062218904
0.054112911
0.050336123
0.051364183
0.055073977
0.051105022
0.056066036
0.059327126
0.067603111
0.067106962
0.062250853
0.063320160
0.085655928
0.061434031
0.055151939
0.056070089
0.073428869
0.064126015
0.056474209
0.058233023
0.056323051
0.056700945
0.056752205
0.055881023
0.057351112
0.055537939
0.054938078
0.055447102
0.055281162
0.057340145
0.054574966
0.054835320
0.064132214
0.055006027
0.055844069
0.056143284
0.055751085
0.057362080
0.057260036
0.055094004
0.056232929
0.057110071
0.055299044
0.054679155
0.055965900
0.056218147
0.054565191
0.054974079
0.055644989
0.059267044
0.057278872
0.055011034
0.059896946
0.055653811
0.063781023
0.061963081
0.054588079
0.059927702
0.057911873
0.056109190
0.057229042
0.058419943
0.054309130
0.055634022
0.055060863
0.055624247
0.058033943
0.056140184
0.058682919
0.055212736
0.055923939
0.056947231
0.055920839
0.056036949
0.055869818
0.055855989
0.056492090
0.060285091
0.056390047
0.058763027
0.057066202
0.057448864
0.057005167
0.054658175
0.057265759
0.056474924
0.056977987
0.054666996
0.055098772
0.055835009
0.055543900
0.058403015
0.058181047
0.056307077
