0.000840902
0.000813007
0.000873804
0.000832081
0.000848770
0.000847816
0.000860929
0.000833035
0.000872135
0.000842810
0.000848055
0.000993252
0.000888109
0.000839949
0.000838995
0.000971079
0.000882864
0.000859022
0.000871897
0.000879049
0.000848770
0.000842094
0.000821114
0.000897884
0.000828981
0.000835896
0.001248121
0.000841856
0.000931978
0.000845909
0.000902891
0.000846863
0.000816107
0.000885963
0.000838757
0.000857115
0.000828028
0.000818014
0.000843048
0.000876904
0.000832081
0.000901222
0.000910044
0.000864029
0.000916004
0.000870943
0.000935078
0.000809193
0.000814915
0.000827789
