0.050548792
0.051207304
0.050918102
0.051242113
0.053153038
0.056027889
0.050561905
0.065423965
0.063662052
0.059599876
0.053459883
0.062829018
0.059311867
0.078730345
0.059231997
0.053795815
0.075679064
0.067265034
0.061037779
0.120630026
0.122341871
0.059729099
0.056790829
0.056216240
0.057835102
0.055439234
0.056386948
0.057735205
0.060000896
0.056795835
0.055829048
0.056046963
0.054030180
0.056059837
0.060176134
0.055440187
0.058444977
0.063621044
0.060042143
0.058927059
0.062254190
0.056468010
0.056687832
0.059149981
0.057321072
0.055003881
0.054944992
0.059531689
0.055029631
0.058251143
0.060405016
0.055229902
0.055967093
0.056995869
0.055644035
0.055999994
0.058807135
0.055027962
0.058557987
0.056677818
0.055086851
0.055837870
0.055434942
0.054876328
0.058928013
0.062001944
0.055981159
0.056858301
0.055675030
0.060290098
0.054751158
0.056388140
0.056530952
0.054860830
0.054973841
0.056056976
0.056762695
0.055315018
0.055217743
0.055205107
0.054361105
0.055444002
0.055670977
0.068620920
0.056914806
0.058655024
0.056721926
0.053938866
0.056897879
0.057039738
0.054949760
0.057716131
0.056974173
0.060400963
0.055977106
0.057238102
0.057390928
0.056260824
0.056672096
0.054723024
